["port_00","LEFT"]
["port_01","RIGHT"]
["port_10","LEFT"]
["port_11","RIGHT"]
("port_00","mode 1",1,"port_00",1,"transmission")
(21, 3)
1.8737028624999997e+14 2.3447142407554168e-02 -2.6280768308051550e+00
1.8799485387083331e+14 3.0202942127160470e-02 -2.8444067266076134e+00
1.8861942149166662e+14 3.3542944886663630e-02 -2.7865560422633808e+00
1.8924398911249997e+14 3.5641344709493893e-02 -2.5019610616912984e+00
1.8986855673333331e+14 2.6109100576202367e-02 -2.5003595931265830e+00
1.9049312435416662e+14 1.8690719983640261e-02 -2.7119986606773607e+00
1.9111769197499997e+14 3.0149702361039917e-02 -2.9486155082440662e+00
1.9174225959583331e+14 3.3532112727878614e-02 -2.7051402283483301e+00
1.9236682721666666e+14 2.7175616358492704e-02 -2.4324859616282146e+00
1.9299139483749997e+14 1.6482639070498739e-02 -2.7398395133053861e+00
1.9361596245833331e+14 2.7992152807511328e-02 -3.0967607951736480e+00
1.9424053007916666e+14 3.4560467726366735e-02 -2.7520954675595655e+00
1.9486509769999997e+14 2.8703684129959165e-02 -2.4699880769560196e+00
1.9548966532083331e+14 1.5190621666687139e-02 -2.3499880253220282e+00
1.9611423294166666e+14 1.9985321152383474e-02 -3.1169834856657754e+00
1.9673880056250000e+14 2.4922459676726672e-02 -3.2406249696695331e+00
1.9736336818333331e+14 3.1244511071763799e-02 -2.9783272614233858e+00
1.9798793580416666e+14 3.6774929911109082e-02 -2.8033012222631255e+00
1.9861250342500000e+14 2.8593440062441054e-02 -2.5244476105085591e+00
1.9923707104583331e+14 2.2288956206432013e-02 -2.3313973499883591e+00
1.9986163866666666e+14 1.8209675725951998e-02 -3.1003550782745082e+00
("port_00","mode 1",1,"port_01",1,"transmission")
(21, 3)
1.8737028624999997e+14 5.3699332531157473e-01 -2.9433708364592879e+00
1.8799485387083331e+14 5.5478794121509523e-01 -4.5066419981458411e-01
1.8861942149166662e+14 5.7197753906193960e-01 2.0419002863451166e+00
1.8924398911249997e+14 5.8886083450357707e-01 4.5334978258871335e+00
1.8986855673333331e+14 6.0505683687137679e-01 7.0247541771011761e+00
1.9049312435416662e+14 6.2011535027982301e-01 9.5158281172400123e+00
1.9111769197499997e+14 6.3428542409142918e-01 1.2006468452855524e+01
1.9174225959583331e+14 6.4820572697210310e-01 1.4496080456229119e+01
1.9236682721666666e+14 6.6128029855704462e-01 1.6985369513985717e+01
1.9299139483749997e+14 6.7369041400560814e-01 1.9474886181896043e+01
1.9361596245833331e+14 6.8567456988276343e-01 2.1963953163442625e+01
1.9424053007916666e+14 6.9744167757500974e-01 2.4452137408444294e+01
1.9486509769999997e+14 7.0913952395667978e-01 2.6939906024492135e+01
1.9548966532083331e+14 7.2085797793387130e-01 2.9427144591502760e+01
1.9611423294166666e+14 7.3158130067321725e-01 3.1913326814783840e+01
1.9673880056250000e+14 7.4169000532046947e-01 3.4398375832498445e+01
1.9736336818333331e+14 7.5148673025299517e-01 3.6882557961920448e+01
1.9798793580416666e+14 7.6094608451267765e-01 3.9365878416776134e+01
1.9861250342500000e+14 7.7018793001685659e-01 4.1848325726304409e+01
1.9923707104583331e+14 7.7912733662756406e-01 4.4330403976624268e+01
1.9986163866666666e+14 7.8762982166810380e-01 4.6812145001311308e+01
("port_00","mode 1",1,"port_10",1,"transmission")
(21, 3)
1.8737028624999997e+14 5.9360742380079072e-03 -1.8037401750338606e+00
1.8799485387083331e+14 4.4847667031562019e-03 -4.3558848234576590e+00
1.8861942149166662e+14 5.4386725045160282e-03 -6.6759053949176179e+00
1.8924398911249997e+14 6.7148564679632879e-03 -9.4102062712131662e+00
1.8986855673333331e+14 5.9328769979145280e-03 -1.1956401955779240e+01
1.9049312435416662e+14 7.4306675713328631e-03 -1.4432104331076555e+01
1.9111769197499997e+14 8.1485944943841711e-03 -1.7298911118548631e+01
1.9174225959583331e+14 7.6436682659398927e-03 -2.0073727973531653e+01
1.9236682721666666e+14 8.2734071035836902e-03 -2.2902032077338724e+01
1.9299139483749997e+14 8.5912974132829958e-03 -2.5822434578887943e+01
1.9361596245833331e+14 9.7631106838480062e-03 -2.8717149986880145e+01
1.9424053007916666e+14 1.1020088034178583e-02 -3.1624808118772663e+01
1.9486509769999997e+14 1.1027429079914728e-02 -3.4317807308730892e+01
1.9548966532083331e+14 1.1320014030054294e-02 -3.6829320880518871e+01
1.9611423294166666e+14 9.9363824319743284e-03 -3.9310849828814185e+01
1.9673880056250000e+14 7.5091258299757688e-03 -4.1383622399615675e+01
1.9736336818333331e+14 8.8495612715712678e-03 -4.3438311736264957e+01
1.9798793580416666e+14 9.1800062300002472e-03 -4.5700829122529406e+01
1.9861250342500000e+14 1.0296091874084354e-02 -4.8057991230645506e+01
1.9923707104583331e+14 9.9120622297153571e-03 -5.0703769493227099e+01
1.9986163866666666e+14 8.1324611296907986e-03 -5.3419862495889724e+01
("port_00","mode 1",1,"port_11",1,"transmission")
(21, 3)
1.8737028624999997e+14 7.9267414093797728e-01 -1.3601060612033544e+00
1.8799485387083331e+14 7.8132909577080745e-01 1.1326238492796392e+00
1.8861942149166662e+14 7.6991663040258851e-01 3.6249733246731015e+00
1.8924398911249997e+14 7.5847018685180800e-01 6.1166252964421846e+00
1.8986855673333331e+14 7.4693700659413220e-01 8.6082080976054964e+00
1.9049312435416662e+14 7.3512584611539233e-01 1.1099590674019376e+01
1.9111769197499997e+14 7.2298426983217579e-01 1.3590778951760146e+01
1.9174225959583331e+14 7.1123076942421526e-01 1.6081198209859778e+01
1.9236682721666666e+14 6.9989274502108056e-01 1.8571446021423267e+01
1.9299139483749997e+14 6.8865219568193436e-01 2.1061648698072943e+01
1.9361596245833331e+14 6.7728779228758551e-01 2.3550723630929305e+01
1.9424053007916666e+14 6.6642459991866321e-01 2.6038073105220427e+01
1.9486509769999997e+14 6.5582414782873311e-01 2.8524835088150667e+01
1.9548966532083331e+14 6.4493042050813887e-01 3.1011111881990672e+01
1.9611423294166666e+14 6.3379220893825894e-01 3.3496464874318001e+01
1.9673880056250000e+14 6.2295198516205286e-01 3.5981003618964337e+01
1.9736336818333331e+14 6.1196651240909372e-01 3.8465043053930948e+01
1.9798793580416666e+14 6.0114239952508497e-01 4.0948114304126520e+01
1.9861250342500000e+14 5.9086682373927579e-01 4.3430562793105359e+01
1.9923707104583331e+14 5.8049778414681230e-01 4.5912589100709049e+01
1.9986163866666666e+14 5.7000295828037628e-01 4.8393821650953463e+01
("port_01","mode 1",1,"port_00",1,"transmission")
(21, 3)
1.8737028624999997e+14 5.3322334234028113e-01 -2.9541047611792957e+00
1.8799485387083331e+14 5.5104024563018839e-01 -4.6119943311057177e-01
1.8861942149166662e+14 5.6816630030513948e-01 2.0314380500946254e+00
1.8924398911249997e+14 5.8500487919315147e-01 4.5232590225936926e+00
1.8986855673333331e+14 6.0121256401039014e-01 7.0147433802578023e+00
1.9049312435416662e+14 6.1627884988218240e-01 9.5059270233479705e+00
1.9111769197499997e+14 6.3046266018280284e-01 1.1996629547030953e+01
1.9174225959583331e+14 6.4439830364963091e-01 1.4486443826467251e+01
1.9236682721666666e+14 6.5753332359656502e-01 1.6975858250471152e+01
1.9299139483749997e+14 6.6994404127037888e-01 1.9465380594950378e+01
1.9361596245833331e+14 6.8191293884356841e-01 2.1954577634356731e+01
1.9424053007916666e+14 6.9368981059719947e-01 2.4442928623780556e+01
1.9486509769999997e+14 7.0540795392803457e-01 2.6930817925776381e+01
1.9548966532083331e+14 7.1713816065169356e-01 2.9418200672489622e+01
1.9611423294166666e+14 7.2794285187852714e-01 3.1904562455452290e+01
1.9673880056250000e+14 7.3812975361561073e-01 3.4389722839052553e+01
1.9736336818333331e+14 7.4793786309798616e-01 3.6874010404429086e+01
1.9798793580416666e+14 7.5743387723472722e-01 3.9357457896200202e+01
1.9861250342500000e+14 7.6672570472064250e-01 4.1840016334917749e+01
1.9923707104583331e+14 7.7566625209134721e-01 4.4322213092262274e+01
1.9986163866666666e+14 7.8420831675327196e-01 4.6804097236292698e+01
("port_01","mode 1",1,"port_01",1,"transmission")
(21, 3)
1.8737028624999997e+14 2.1050326463646830e-02 -2.9099301776032793e+00
1.8799485387083331e+14 3.0315691087970106e-02 -3.0441504223440101e+00
1.8861942149166662e+14 3.2410155579638604e-02 -2.9808827099188320e+00
1.8924398911249997e+14 3.3539457859282959e-02 -2.6398499209442425e+00
1.8986855673333331e+14 2.3748376603288341e-02 -2.6926623201951103e+00
1.9049312435416662e+14 1.6548844361961135e-02 -2.9800246696250730e+00
1.9111769197499997e+14 2.9616987998123498e-02 -3.1541796051109627e+00
1.9174225959583331e+14 3.1708778611838018e-02 -2.8573166591806549e+00
1.9236682721666666e+14 2.4875487540504702e-02 -2.5772032690458579e+00
1.9299139483749997e+14 1.4176372386763208e-02 -3.0788690690733969e+00
1.9361596245833331e+14 2.7465848985776916e-02 -3.2857617995591135e+00
1.9424053007916666e+14 3.2978691237597023e-02 -2.8831104229873867e+00
1.9486509769999997e+14 2.5300925459779872e-02 -2.6234124529522949e+00
1.9548966532083331e+14 1.0694258591383975e-02 -2.6761769959246386e+00
1.9611423294166666e+14 2.0737357775170055e-02 -3.3487850531205288e+00
1.9673880056250000e+14 2.6532753754102849e-02 -3.4121824596562895e+00
1.9736336818333331e+14 3.0409175279371124e-02 -3.1329265546581526e+00
1.9798793580416666e+14 3.5382577224589144e-02 -2.9143667599430327e+00
1.9861250342500000e+14 2.6729049248317222e-02 -2.6407765643358752e+00
1.9923707104583331e+14 1.9062010861713462e-02 -2.4608214333510450e+00
1.9986163866666666e+14 1.8715078558852308e-02 -3.3713544283296697e+00
("port_01","mode 1",1,"port_10",1,"transmission")
(21, 3)
1.8737028624999997e+14 7.8728569381078006e-01 -1.3963450780322002e+00
1.8799485387083331e+14 7.7608410569085251e-01 1.0967344907438445e+00
1.8861942149166662e+14 7.6488484236337229e-01 3.5893863645335014e+00
1.8924398911249997e+14 7.5363135563663852e-01 6.0813805919948845e+00
1.8986855673333331e+14 7.4230852870092956e-01 8.5732985630914378e+00
1.9049312435416662e+14 7.3074050269536917e-01 1.1064929681304729e+01
1.9111769197499997e+14 7.1874911991429968e-01 1.3556421266037431e+01
1.9174225959583331e+14 7.0714098217082533e-01 1.6047066224750285e+01
1.9236682721666666e+14 6.9597718205030479e-01 1.8537579599515219e+01
1.9299139483749997e+14 6.8486176361736295e-01 2.1028119258294691e+01
1.9361596245833331e+14 6.7362624987612141e-01 2.3517491293091290e+01
1.9424053007916666e+14 6.6293414544172957e-01 2.6005221446779725e+01
1.9486509769999997e+14 6.5247314009136170e-01 2.8492326542211543e+01
1.9548966532083331e+14 6.4173119361030717e-01 3.0978766822089753e+01
1.9611423294166666e+14 6.3078528235552456e-01 3.3464398451358107e+01
1.9673880056250000e+14 6.2003369275710640e-01 3.5949276189203772e+01
1.9736336818333331e+14 6.0915903757536261e-01 3.8433500959943103e+01
1.9798793580416666e+14 5.9846353525497298e-01 4.0916851334184877e+01
1.9861250342500000e+14 5.8824743389282608e-01 4.3399677391608364e+01
1.9923707104583331e+14 5.7796504311297792e-01 4.5881926563395261e+01
1.9986163866666666e+14 5.6763855384875062e-01 4.8363481916462831e+01
("port_01","mode 1",1,"port_11",1,"transmission")
(21, 3)
1.8737028624999997e+14 6.0669410886228011e-03 -1.7285417245443231e+00
1.8799485387083331e+14 4.7005555170928481e-03 -4.3341140523449146e+00
1.8861942149166662e+14 5.7564549841251141e-03 -6.6880341582470040e+00
1.8924398911249997e+14 7.1469475073276207e-03 -9.4334010065614962e+00
1.8986855673333331e+14 6.1014381887112574e-03 -1.2010953618749996e+01
1.9049312435416662e+14 7.1923902122056939e-03 -1.4468358807054337e+01
1.9111769197499997e+14 7.8718228747399303e-03 -1.7337187886700832e+01
1.9174225959583331e+14 7.5336430182404547e-03 -2.0127498065939090e+01
1.9236682721666666e+14 8.2999056207486120e-03 -2.2933817524690490e+01
1.9299139483749997e+14 8.6684830194683569e-03 -2.5795269479589361e+01
1.9361596245833331e+14 9.7174951891765195e-03 -2.8657694676628804e+01
1.9424053007916666e+14 1.0724309492563157e-02 -3.1572440863095498e+01
1.9486509769999997e+14 1.0682106277746826e-02 -3.4274050946481609e+01
1.9548966532083331e+14 1.1217432160785417e-02 -3.6776770823269480e+01
1.9611423294166666e+14 1.0208744363323270e-02 -3.9256093151819108e+01
1.9673880056250000e+14 8.0006363616557611e-03 -4.1345167116712574e+01
1.9736336818333331e+14 9.2463270316969891e-03 -4.3426641564341473e+01
1.9798793580416666e+14 9.3040962776683462e-03 -4.5684018415238846e+01
1.9861250342500000e+14 9.9325328967657060e-03 -4.8027744742901731e+01
1.9923707104583331e+14 9.1335143700221489e-03 -5.0644505243447263e+01
1.9986163866666666e+14 7.2437477877742018e-03 -5.3366505149957327e+01
("port_10","mode 1",1,"port_00",1,"transmission")
(21, 3)
1.8737028624999997e+14 5.9371476753449417e-03 -1.8035778182637197e+00
1.8799485387083331e+14 4.4855236496126024e-03 -4.3557127672427693e+00
1.8861942149166662e+14 5.4397899221163898e-03 -6.6757725613701950e+00
1.8924398911249997e+14 6.7156871658121684e-03 -9.4101161917840770e+00
1.8986855673333331e+14 5.9334132379832627e-03 -1.1956176133502355e+01
1.9049312435416662e+14 7.4316259366280476e-03 -1.4431924601040906e+01
1.9111769197499997e+14 8.1493727002351878e-03 -1.7298721361690784e+01
1.9174225959583331e+14 7.6454525127152943e-03 -2.0073539688629523e+01
1.9236682721666666e+14 8.2745247571016853e-03 -2.2901864874529501e+01
1.9299139483749997e+14 8.5925164666875338e-03 -2.5822230221671010e+01
1.9361596245833331e+14 9.7640521592409525e-03 -2.8717014559286465e+01
1.9424053007916666e+14 1.1021122327077595e-02 -3.1624603135126449e+01
1.9486509769999997e+14 1.1028431552585120e-02 -3.4317609933207208e+01
1.9548966532083331e+14 1.1321756787617510e-02 -3.6829143268518756e+01
1.9611423294166666e+14 9.9379806968454137e-03 -3.9310671661443223e+01
1.9673880056250000e+14 7.5101142016555057e-03 -4.1383411943927804e+01
1.9736336818333331e+14 8.8506088446485848e-03 -4.3438065480646983e+01
1.9798793580416666e+14 9.1809584711778514e-03 -4.5700647686960728e+01
1.9861250342500000e+14 1.0297183851617920e-02 -4.8057771027719696e+01
1.9923707104583331e+14 9.9131534297414482e-03 -5.0703578226333676e+01
1.9986163866666666e+14 8.1334789932209547e-03 -5.3419630253874288e+01
("port_10","mode 1",1,"port_01",1,"transmission")
(21, 3)
1.8737028624999997e+14 7.9291716076667385e-01 -1.3855192511657621e+00
1.8799485387083331e+14 7.8152667477454740e-01 1.1074324033814331e+00
1.8861942149166662e+14 7.7012284413698151e-01 3.5999509948188178e+00
1.8924398911249997e+14 7.5866191083007195e-01 6.0917452932216634e+00
1.8986855673333331e+14 7.4713126608344138e-01 8.5834991449195677e+00
1.9049312435416662e+14 7.3534931524960234e-01 1.1075082771589654e+01
1.9111769197499997e+14 7.2314647179377178e-01 1.3566401008349336e+01
1.9174225959583331e+14 7.1143870020638078e-01 1.6056976760958506e+01
1.9236682721666666e+14 7.0010261918577443e-01 1.8547374542791346e+01
1.9299139483749997e+14 6.8882550678908028e-01 2.1037792388560533e+01
1.9361596245833331e+14 6.7748092968465645e-01 2.3527000535594642e+01
1.9424053007916666e+14 6.6661331181721539e-01 2.6014554219799827e+01
1.9486509769999997e+14 6.5594074633831168e-01 2.8501463292612605e+01
1.9548966532083331e+14 6.4512232604185704e-01 3.0987861447377394e+01
1.9611423294166666e+14 6.3398257076191322e-01 3.3473383382220455e+01
1.9673880056250000e+14 6.2310200616494160e-01 3.5958183061015291e+01
1.9736336818333331e+14 6.1213487497511232e-01 3.8442288704285609e+01
1.9798793580416666e+14 6.0128642736054372e-01 4.0925554164748320e+01
1.9861250342500000e+14 5.9098989555720927e-01 4.3408170715542731e+01
1.9923707104583331e+14 5.8065752237360824e-01 4.5890292556925601e+01
1.9986163866666666e+14 5.7014493309005332e-01 4.8371697972049340e+01
("port_10","mode 1",1,"port_10",1,"transmission")
(21, 3)
1.8737028624999997e+14 2.1921847477665169e-02 -2.6591944038935349e+00
1.8799485387083331e+14 3.1074629843174991e-02 -2.8342141392778490e+00
1.8861942149166662e+14 3.3422998212002487e-02 -2.8127689075687452e+00
1.8924398911249997e+14 3.6264298181015224e-02 -2.4960806021180866e+00
1.8986855673333331e+14 2.5909763654604959e-02 -2.4777736273915840e+00
1.9049312435416662e+14 1.8545381902503159e-02 -2.6445511866599016e+00
1.9111769197499997e+14 2.8865151891987476e-02 -3.0091299488249006e+00
1.9174225959583331e+14 3.3743425649817783e-02 -2.6978467156719375e+00
1.9236682721666666e+14 2.7935721403894116e-02 -2.4369351000750759e+00
1.9299139483749997e+14 1.5460468482209205e-02 -2.6827294595763114e+00
1.9361596245833331e+14 2.6631111703999261e-02 -3.0954475174638723e+00
1.9424053007916666e+14 3.4158973544275342e-02 -2.7523309981743962e+00
1.9486509769999997e+14 2.6378225908263987e-02 -2.4512629760307489e+00
1.9548966532083331e+14 1.4652492976066550e-02 -2.4131813613020583e+00
1.9611423294166666e+14 2.0148106146150171e-02 -3.2032542762060290e+00
1.9673880056250000e+14 2.5214245496168870e-02 -3.1738863527961900e+00
1.9736336818333331e+14 3.0497289545100795e-02 -2.9930270504021297e+00
1.9798793580416666e+14 3.5483125656664005e-02 -2.7976900547653996e+00
1.9861250342500000e+14 2.7606793178541037e-02 -2.5053948265745380e+00
1.9923707104583331e+14 2.1478704361494495e-02 -2.3690414704803739e+00
1.9986163866666666e+14 1.7201776449004214e-02 -3.2396766326980835e+00
("port_10","mode 1",1,"port_11",1,"transmission")
(21, 3)
1.8737028624999997e+14 5.3673814774450379e-01 -2.9442919868472162e+00
1.8799485387083331e+14 5.5456127312348302e-01 -4.5168166868212234e-01
1.8861942149166662e+14 5.7174897746305675e-01 2.0408880255082154e+00
1.8924398911249997e+14 5.8864061064785222e-01 4.5325540957125003e+00
1.8986855673333331e+14 6.0484772338399473e-01 7.0237401579814591e+00
1.9049312435416662e+14 6.1989199094922587e-01 9.5147579099382984e+00
1.9111769197499997e+14 6.3408018752771611e-01 1.2005476231470565e+01
1.9174225959583331e+14 6.4795800009559879e-01 1.4495052194019697e+01
1.9236682721666666e+14 6.6103873575886651e-01 1.6984337209208579e+01
1.9299139483749997e+14 6.7343038468553973e-01 1.9473842610603139e+01
1.9361596245833331e+14 6.8539536021246306e-01 2.1962943928910409e+01
1.9424053007916666e+14 6.9720732179282585e-01 2.4451108462543463e+01
1.9486509769999997e+14 7.0895071061639947e-01 2.6938906462797060e+01
1.9548966532083331e+14 7.2058334829679038e-01 2.9426173894419236e+01
1.9611423294166666e+14 7.3134220588139898e-01 3.1912368455794958e+01
1.9673880056250000e+14 7.4148568836630602e-01 3.4397305063907503e+01
1.9736336818333331e+14 7.5126557039866415e-01 3.6881585287034639e+01
1.9798793580416666e+14 7.6076125647645843e-01 3.9364934028814091e+01
1.9861250342500000e+14 7.7000801579525902e-01 4.1847361807363320e+01
1.9923707104583331e+14 7.7890261601824673e-01 4.4329509212007736e+01
1.9986163866666666e+14 7.8741145208031937e-01 4.6811296237654176e+01
("port_11","mode 1",1,"port_00",1,"transmission")
(21, 3)
1.8737028624999997e+14 7.8738451241571550e-01 -1.3707412094986859e+00
1.8799485387083331e+14 7.7622214894520547e-01 1.1222421456140796e+00
1.8861942149166662e+14 7.6500165000564158e-01 3.6146898363786670e+00
1.8924398911249997e+14 7.5375162940573393e-01 6.1065631710300323e+00
1.8986855673333331e+14 7.4240351736851562e-01 8.5983214859648225e+00
1.9049312435416662e+14 7.3082252156186012e-01 1.1089818588773404e+01
1.9111769197499997e+14 7.1882242651371087e-01 1.3581058255404651e+01
1.9174225959583331e+14 7.0723834344872538e-01 1.6071614553977334e+01
1.9236682721666666e+14 6.9608685715643148e-01 1.8561972714252818e+01
1.9299139483749997e+14 6.8493687279456283e-01 2.1052363211298481e+01
1.9361596245833331e+14 6.7369608205179077e-01 2.3541569852798748e+01
1.9424053007916666e+14 6.6301712898890053e-01 2.6029120859079146e+01
1.9486509769999997e+14 6.5252700240078498e-01 2.8516033968462438e+01
1.9548966532083331e+14 6.4182975668107745e-01 3.1002323892936193e+01
1.9611423294166666e+14 6.3087423150469868e-01 3.3487783467256193e+01
1.9673880056250000e+14 6.2012510453280356e-01 3.5972597976219227e+01
1.9736336818333331e+14 6.0922895518617526e-01 3.8456615109880126e+01
1.9798793580416666e+14 5.9851615303078343e-01 4.0939814960984876e+01
1.9861250342500000e+14 5.8830501327311258e-01 4.3422478093627298e+01
1.9923707104583331e+14 5.7803847575011902e-01 4.5904554866924350e+01
1.9986163866666666e+14 5.6768745549814714e-01 4.8385929292917005e+01
("port_11","mode 1",1,"port_01",1,"transmission")
(21, 3)
1.8737028624999997e+14 5.6646951895869225e-03 -1.7752637264110309e+00
1.8799485387083331e+14 4.7248774303836677e-03 -4.4370621447569478e+00
1.8861942149166662e+14 6.0928482757639174e-03 -6.7468804218590286e+00
1.8924398911249997e+14 7.6093949156947113e-03 -9.4146681464113300e+00
1.8986855673333331e+14 6.2645555385845248e-03 -1.1937723153739443e+01
1.9049312435416662e+14 6.9619086838067223e-03 -1.4409156954686027e+01
1.9111769197499997e+14 7.4110772158739900e-03 -1.7351399946608524e+01
1.9174225959583331e+14 7.4706245944053439e-03 -2.0190098054252978e+01
1.9236682721666666e+14 8.7108484383258862e-03 -2.2961928434334599e+01
1.9299139483749997e+14 9.0360588709410966e-03 -2.5761269809285114e+01
1.9361596245833331e+14 9.5528535712150302e-03 -2.8611608947654020e+01
1.9424053007916666e+14 1.0258645011536260e-02 -3.1577562775723816e+01
1.9486509769999997e+14 1.0523891352103498e-02 -3.4315736035987570e+01
1.9548966532083331e+14 1.1465450443182170e-02 -3.6812253225472432e+01
1.9611423294166666e+14 1.0676828240666262e-02 -3.9263851705474515e+01
1.9673880056250000e+14 8.4560939796246345e-03 -4.1328507307636386e+01
1.9736336818333331e+14 9.5947149762224248e-03 -4.3392099099462172e+01
1.9798793580416666e+14 9.3929297717357790e-03 -4.5633875738092911e+01
1.9861250342500000e+14 9.6846735046352342e-03 -4.7986236828539390e+01
1.9923707104583331e+14 8.6576868034976499e-03 -5.0644848088282423e+01
1.9986163866666666e+14 7.0483610007135667e-03 -5.3427617741514908e+01
("port_11","mode 1",1,"port_10",1,"transmission")
(21, 3)
1.8737028624999997e+14 5.3307170686349914e-01 -2.9550606389712382e+00
1.8799485387083331e+14 5.5087213318453165e-01 -4.6223667637780080e-01
1.8861942149166662e+14 5.6799933606860920e-01 2.0304502270336005e+00
1.8924398911249997e+14 5.8484460667531890e-01 4.5222398726098740e+00
1.8986855673333331e+14 6.0108650826311316e-01 7.0136922440811400e+00
1.9049312435416662e+14 6.1614520164320907e-01 9.5048180480371958e+00
1.9111769197499997e+14 6.3032462430325564e-01 1.1995627458303503e+01
1.9174225959583331e+14 6.4424813109280621e-01 1.4485370541226230e+01
1.9236682721666666e+14 6.5736568014499219e-01 1.6974752794518860e+01
1.9299139483749997e+14 6.6978991498854878e-01 1.9464297572657099e+01
1.9361596245833331e+14 6.8176126066417408e-01 2.1953545402385423e+01
1.9424053007916666e+14 6.9354174074841601e-01 2.4441886497426864e+01
1.9486509769999997e+14 7.0529770708008444e-01 2.6929798977099420e+01
1.9548966532083331e+14 7.1696673491036966e-01 2.9417209908362121e+01
1.9611423294166666e+14 7.2779286046567637e-01 3.1903567594227571e+01
1.9673880056250000e+14 7.3800057156590682e-01 3.4388619567695336e+01
1.9736336818333331e+14 7.4782257367090332e-01 3.6873007822508136e+01
1.9798793580416666e+14 7.5733476560392843e-01 3.9356463589095085e+01
1.9861250342500000e+14 7.6664051224616292e-01 4.1839019908408837e+01
1.9923707104583331e+14 7.7553544939363905e-01 4.4321274609982019e+01
1.9986163866666666e+14 7.8408160995648191e-01 4.6803203035408927e+01
("port_11","mode 1",1,"port_11",1,"transmission")
(21, 3)
1.8737028624999997e+14 2.1982612849670766e-02 -2.9693034246508350e+00
1.8799485387083331e+14 3.0445795780352936e-02 -3.0180591869563482e+00
1.8861942149166662e+14 3.1654418244982732e-02 -2.9715800622966468e+00
1.8924398911249997e+14 3.2499497149437152e-02 -2.6484651476155232e+00
1.8986855673333331e+14 2.3468842962312039e-02 -2.6693809833965076e+00
1.9049312435416662e+14 1.6556456160171054e-02 -2.9645337142545709e+00
1.9111769197499997e+14 2.7614715228395384e-02 -3.2092646273088912e+00
1.9174225959583331e+14 3.1633294754479374e-02 -2.8599578771721026e+00
1.9236682721666666e+14 2.4388737523799255e-02 -2.6172054049277800e+00
1.9299139483749997e+14 1.3989746238032237e-02 -3.0741476007857487e+00
1.9361596245833331e+14 2.7568428069700529e-02 -3.2884927279636540e+00
1.9424053007916666e+14 3.2438315923136382e-02 -2.8640932037237712e+00
1.9486509769999997e+14 2.3039632958384126e-02 -2.5767762104527816e+00
1.9548966532083331e+14 1.1038808758571918e-02 -2.7922699523586698e+00
1.9611423294166666e+14 2.1300604524554706e-02 -3.4537723000101201e+00
1.9673880056250000e+14 2.5285465610103201e-02 -3.3321924601365529e+00
1.9736336818333331e+14 3.0438722271202690e-02 -3.1390230968527844e+00
1.9798793580416666e+14 3.3977859227024718e-02 -2.9351739644710504e+00
1.9861250342500000e+14 2.5344333229031735e-02 -2.6046406811349772e+00
1.9923707104583331e+14 1.7891767169657485e-02 -2.4925265090711610e+00
1.9986163866666666e+14 1.8749695574566561e-02 -3.5050956377928109e+00
